573
465
801
5181
22155
28927
25625
29059
35059
42000
70886
52378
69975
20166
993
35662
85064
28594
1790
567
475
697
4487
24537
23128
32481
37915
36194
39894
53059
25339
62445
324
21776
82300
21741
33135
21140
1596
6962
4074
23602
16910
42705
40733
47200
12589
42612
20901
16641
47478
43238
13777
27831
12893
37306
44729
20105
479
52961
28272
13908
11079
7341
3828
35453
733
3628
18549
242
22552
21925
44096
29033
21
7424
17646
4510
22202
26576
1730
11821
15760
21286
37632
2267
40841
645
464
720
5296
22518
24608
30975
33598
33310
42805
55781
26817
17163
254
74821
93630
16230