512
737
1432
691
9529
9683
8338
23921
17025
27888
28619
30942
10311
12708
24563
13561
11534
11780
17008
34490
6460
2360
32617
3861
2583
40343
10071
30869
31189
39810
39064
7898
25412
7866
1475
40701
38960
21808
32687
19878
8222
34626
37749
23167
34979
30746
1406
8391
19887
22450
25821
27259
17656
23669
24728
38135
36231
5800
8878
7812
39834
16391
1577
32798
30749
6177
1256
284
15099
29422
42527
25369
27788
13891
5894
26644
14206
34474
10112
9331
25648
26902
4258
10814
2224
36852
38458
13599
43102
6395
17413
30138
30587
22877
23056
20257
26341
35571
25547
25029
