639
1892
2410
2491
8575
8723
7060
17265
26114
23648
25898
30583
9753
12429
23342
13388
11227
15363
12577
5304
34818
2239
30022
2779
2129
8674
40671
30335
36959
31301
37440
7355
24739
6223
276
38757
40627
19495
30683
17866
33144
35296
8510
23300
30305
34837
2471
8613
23883
18967
25042
28222
18005
22391
23856
34542
38015
9013
5604
7663
38091
16030
1640
31299
32483
5890
2820
14578
1314
28073
41420
23466
11979
4806
24481
25882
15427
32996
10820
10272
26419
25279
5035
9791
1030
33975
36830
13638
41599
6413
16541
30315
22925
30477
21336
26092
19605
25362
34828
23821
