1107
2045
2700
2363
8496
8569
7278
25952
18241
24106
25995
30486
8787
11525
23225
13235
10814
15972
12065
4652
2400
34406
29415
3154
1577
39256
9171
30501
36934
31806
38379
8278
26174
6283
846
39432
42333
20810
31808
18518
8094
34202
36953
24094
29986
35752
2606
8384
22223
18614
23500
27357
18401
22840
25059
37941
36078
8522
5025
7599
38066
15570
1503
32923
30341
5843
2654
14068
1267
40872
28739
22667
4957
12170
25950
27108
14553
33889
10257
9893
26802
26245
5606
10511
721
35129
37263
13417
41988
7408
15791
30932
22602
29940
21730
26349
20056
33503
24823
23273
