666
733
4658
10702
14793
16977
18167
52147
50408
38705
47605
56545
13899
42499
20839
30454
20577
19979
3457
34207
2310
55189
64670
6334
6169
78452
19026
57640
59118
70871
74507
13921
12770
50939
10151
76516
55093
77249
40815
37965
43274
70198
13235
55059
68879
66274
3233
17218
41950
37244
55601
54816
45068
33187
48013
73432
69981
10822
17727
13325
77273
30185
1595
10858
61172
67170
3424
3390
27050
52292
78282
48407
21361
3231
25774
48978
55463
20564
71799
18320
46803
9370
48949
6034
24311
75208
68714
23925
14583
27440
86375
61655
43968
62458
42465
50053
34511
47625
64327
46032
