2476
4308
5802
4946
17146
17985
14270
53328
37887
48887
53376
62512
18205
23672
48068
27182
24108
34295
25686
9870
4941
71112
62521
6034
3268
81389
18519
63263
77439
64648
79766
17357
12313
53932
2039
81436
85500
41245
63546
39128
69565
16213
74212
50397
60835
73112
5234
16503
44994
38107
48875
55275
39045
50879
47630
78541
75438
18298
10797
16254
79184
32560
2718
69157
63869
11696
28907
5384
2768
60272
85277
47773
9038
25246
54073
53260
29413
69947
21553
20576
56157
53765
22138
11232
1544
72930
77805
28134
85911
13992
31961
62430
46421
60546
44206
54413
41290
69971
51466
48235
