2417
3861
5402
4399
16090
16511
14082
50306
35367
46332
49794
59634
17041
23227
45956
26279
20972
30244
23274
8856
4784
66459
56372
5717
2761
74131
16174
58027
71010
60032
73480
15354
12042
50997
2044
75238
81764
40934
60544
36784
15478
67737
72180
47675
58609
67989
5137
15372
42426
35498
46182
52284
37495
47291
43979
73923
69915
17051
10260
15588
74015
31038
2367
59338
63988
11637
26305
4807
2872
78683
56624
45313
9197
23565
52397
51463
29159
67506
21016
18568
53232
51228
10943
21462
1644
72222
70027
25741
80397
13533
30653
58102
57213
42938
42388
51721
40239
67155
49412
46564
