1164
1814
2638
2549
8113
8550
6695
24788
22161
18026
24666
30103
9081
12090
22961
13574
11223
15605
12261
4695
34272
3018
29809
2790
1584
39298
9058
30816
37966
31323
38595
8222
26506
6489
822
39578
41951
20610
30820
18207
8109
34280
35685
23329
29203
35166
2613
8465
21827
19787
23587
26960
18053
21355
23476
36530
34327
8918
5170
7682
36415
15330
1590
31988
29738
5636
2439
13884
1202
40268
28422
22984
4404
11971
25663
25007
14494
32854
10205
9104
25850
25642
9948
558
5865
35663
33965
12533
39359
7246
15396
29515
27877
21610
21316
26312
20334
34196
25014
24394
