5268
7496
10091
8679
30062
30901
24877
88985
63518
80672
88423
105321
40351
32086
80126
44838
38805
54837
42772
17173
117308
101937
9162
11043
6568
133652
30245
102913
126974
105570
129639
27472
21071
89386
4234
133739
142186
70659
105559
64810
117814
124878
27184
81824
101489
119460
8972
27976
65361
75830
80976
91765
64553
78349
85598
129690
123338
18151
29941
130444
27472
55047
4404
102890
111866
47981
8951
19978
6289
138896
97921
77944
15941
41556
89595
87528
49179
114783
34604
34481
90827
88335
19370
36533
4140
125562
120369
45830
141219
54570
25188
103055
99934
76110
73695
94304
76521
126836
98705
112149
