5257
7517
10029
8888
29120
30069
24525
88264
62929
79863
88498
104438
40787
31418
79409
45484
38827
55185
42134
16130
116156
101092
8673
10782
6410
132186
29666
101881
125642
104980
128599
28459
88714
20711
4283
132218
140695
69465
104400
65095
117529
125188
27404
82454
101804
120217
9303
28716
76138
65792
82540
92662
65245
77816
83929
127971
122978
18428
30088
27048
128145
54305
4576
102644
110322
46663
19963
9521
6369
138219
97640
77344
16327
42490
89103
87627
49271
114935
34952
33781
90495
87337
36108
19765
4196
125477
120215
45547
140728
53822
24089
102654
76280
99733
74304
94556
76683
125585
98698
113276
