3213
5852
6724
5028
18521
18267
15026
54202
37566
48817
53151
62410
18666
24343
47483
27192
22688
32879
24853
9829
69555
5361
60685
6467
3506
80064
18451
62322
76483
64564
77807
16919
53690
13076
2247
80202
85383
42743
63611
39404
75364
71014
16264
49591
60735
72277
5657
17041
45531
38597
49552
55752
39135
47116
50795
77411
73339
10525
17660
16773
77845
32665
2713
62131
66740
5479
28830
12695
3546
84053
59726
46455
9855
25434
54102
52540
29335
68514
21193
20210
55349
53094
22100
11514
2241
75839
72318
28082
85429
32163
14216
62932
46555
60553
45679
57922
46647
77489
60067
67245
