1328
1712
2556
2755
8641
8716
6884
24902
17003
24596
22970
29611
8688
11722
22246
13081
10414
11257
15332
5176
33250
2494
28978
2999
1631
37753
8698
30082
36232
30052
36622
8020
6280
25149
934
38051
40921
20153
30237
19229
33621
8051
36244
23222
29465
35189
2795
8336
22499
18972
23844
27018
18024
22166
24152
35089
36844
8513
4904
7560
36588
14903
1403
29994
31874
5500
2411
13996
1154
40054
28683
22381
4794
12521
25718
26543
14978
33498
10360
9278
25700
25256
5642
10202
907
36082
34772
13596
40720
6858
15328
29444
28588
22265
21405
26658
19923
34132
25661
24492
