5209
7412
11257
8633
30078
31082
25258
90369
63643
81797
90119
108036
40323
33023
82115
45420
39029
56891
43130
17497
120959
103336
9139
10743
6409
135010
31493
105437
127186
106659
133357
29432
89498
22295
4273
143998
135623
73296
107120
67586
126878
119243
29344
84973
102320
122969
8610
30655
66184
78340
81210
92789
65404
79175
84112
129464
126651
19329
31107
130440
29402
54202
4668
106799
111813
45777
8889
20435
6505
98966
142099
78607
20988
90476
44869
88347
50456
115816
36374
33713
92795
88834
38351
19589
4194
127324
123422
142164
46951
56931
24179
103708
77829
101331
75477
94746
77328
127728
100899
111691
