1246
1564
2549
2630
8394
8697
6931
25686
17327
23392
24894
29758
8283
11154
22977
12977
10639
11314
15314
4345
2478
33232
28963
3005
1415
8926
38894
30452
36927
30903
8144
38885
6436
26038
860
38558
41097
20418
30964
18884
7857
35368
34195
22862
29645
35201
2615
8588
22355
19451
23784
27190
17770
22458
24053
36484
35212
5533
8727
8073
37293
14871
1311
32847
30615
5470
13485
2574
1290
28970
41477
23918
4629
12782
27860
26717
14699
35042
9948
9168
25796
24701
5260
719
10309
34036
36274
13172
40708
6837
15351
30004
21508
28642
21762
26784
21039
26022
33809
24604
