1633
5790
483
13341
15086
18503
5826
32465
54772
55228
3646
61537
50524
27979
66921
26859
22885
33137
2260
28162
2313
73314
71021
7232
17507
91197
67917
19680
61857
79282
95009
13707
15610
72280
57190
59849
10565
47736
98458
42608
12193
37510
68695
78734
83873
64425
5287
18435
42306
40625
53028
58600
48904
41505
78037
50666
79203
10335
21790
11037
28289
74482
11361
74259
67127
4521
27173
19388
52107
16779
91702
48061
2446
29860
33345
23578
67497
76657
60272
13637
52952
13435
26105
7617
65442
72712
85665
20707
2230
65028
30333
102993
59127
45098
54653
51999
55676
34896
53124
80744
