2365
4222
4781
4718
15358
16160
14010
50605
37711
48585
52928
64377
20474
26729
51407
29644
23921
35210
26830
9978
5890
76162
67324
6379
3721
87952
20182
66800
83406
69257
84319
17961
13852
59211
2433
85634
92599
47194
69567
44183
76892
83154
18103
54010
65769
77869
5867
17258
45993
39539
50938
57291
41884
54130
49992
77201
83244
19387
11186
14768
83139
33297
2896
65267
72185
13009
30125
6279
2878
62939
88888
49434
9845
27302
54563
56785
32016
75708
23514
20952
59998
56624
24023
11782
1609
77667
81623
29039
90955
14941
33372
65231
47366
63910
47226
59941
45860
74789
57065
53779
