1886
3261
4197
3940
13516
14438
10290
40166
27822
36495
40847
47572
13842
18612
37597
20198
17232
18332
24864
7319
3736
53649
47407
4727
2531
61492
13275
46550
56604
47346
57466
12705
9696
40114
1149
58731
62475
31121
47083
30344
52637
11714
55721
36478
47213
55070
4229
13503
35089
30761
36587
42069
28889
35251
38568
59168
56163
13789
8169
11237
59699
23578
2059
51444
47403
8723
4380
21733
1968
44086
64035
35421
6885
18967
39323
40836
21472
51570
14981
15327
39696
39398
8833
16555
1005
56387
53788
20880
64014
10423
23537
45596
44357
32466
32812
40318
31474
38948
51360
37145
