12751
4833
7286
11416
9732
36896
37189
31970
115981
83290
105925
118393
139744
38911
52317
104005
57802
48625
70232
54179
22604
11855
156694
138207
14140
7258
176076
40191
141040
173389
145742
179961
40338
28769
127279
4186
195839
184968
94791
144689
89366
158125
165987
36984
113619
141638
164953
11779
33721
101544
85560
109569
123104
81352
95499
104136
164177
153247
36543
22894
34705
164224
70231
7030
143716
139506
26029
62067
11856
7312
130483
184701
102413
53625
20851
115514
115933
65212
152908
49185
43129
122063
116204
48498
3409
26527
171304
164514
63242
190355
30959
72199
143131
102376
138955
105926
130244
97156
163403
120148
114601
