542
477
499
4540
8015
21581
23690
32836
36373
36965
43856
54491
53463
1047
19008
66573
42058
75953
5824
101941
35632
48478
962
2530
53258
49713
6009
73003
53445
62207
23776
26516
53970
12946
30388
62113
8041
91831
57539
25869
501
55077
41203
41872
64617
59963
50863
17194
38915
10444
73854
365
39976
13696
62411
54848
35976
31420
38291
1385
27666
94318
28720
4011
105422
83009
48377
55833
4045
35227
38823
38859
4836
51667
68346
53517
20228
26554
12853
9093
96312
9285
17987
31114
45988
100535
35793
66961
43108
43041
87
31393
86314
52935
45091
21603
71483
67446
37120
67759
