4447
352
11017
14254
17206
5485
25205
31890
18586
42618
2454
1236
36123
13982
50567
12747
39211
3842
6257
20419
4057
59429
60941
7943
53698
70659
35752
19170
66108
21014
40755
12265
32213
15579
13386
20262
35316
54668
57649
25317
49553
30144
41410
20402
17087
39694
5015
26280
16150
23271
32801
15930
43897
29441
38872
27870
40940
9416
6011
21149
38924
14736
6666
19082
55237
19240
6796
38711
63031
77592
25240
20181
3329
15207
21882
47548
50569
19732
30233
45922
12998
23589
16916
41230
34017
1550
54026
4089
11206
4899
29711
70130
46163
35542
57525
17583
30768
59826
40522
27623
