4314
601
11340
15308
17086
21853
6371
10924
30382
36275
2945
1464
12733
38820
36123
10485
6650
68305
15609
6093
3299
60877
62958
9859
70449
60339
37264
17563
22581
44282
66963
14411
10115
39645
33173
10442
22072
50086
58051
21387
48825
21412
30931
11548
46558
14410
3733
44252
24296
16019
34560
41157
25580
29730
19974
39558
43225
12011
19228
6778
38847
13138
7971
51746
19060
19732
5168
32062
62806
59102
15814
32522
13017
17330
3167
40639
44367
22837
55282
34571
12028
30861
40429
11380
18712
53850
2050
6293
15093
5383
28727
69488
28456
43824
58088
49368
20522
25918
35317
25763
