1573
5714
491
12391
16726
3835
22763
26976
12117
36874
2310
1181
11953
41316
50096
3652
44343
19565
15926
4641
3808
56530
62634
8769
35274
75645
56934
22302
19089
41252
70698
15559
36514
10983
30215
11351
20559
47542
59032
22958
46205
13921
31294
21936
45891
42533
19905
6926
25444
14908
37621
38464
24395
33716
35783
20626
43665
11759
38993
8980
27364
5552
15166
49948
59097
19313
32722
8131
21429
56804
18902
15509
33753
2838
37651
17506
41292
21471
57653
32421
11361
30383
41651
20218
51225
1234
18452
11866
5032
4625
58891
29293
44313
32859
62612
18853
39237
28883
57327
27692
