4443
390
12480
14137
17480
6855
27542
29817
58410
58109
3418
63866
63611
54445
28239
25039
23301
30809
3028
30154
2423
76317
68313
6099
19254
69012
97287
61128
17457
94901
82128
13976
16066
53675
58786
70033
10754
86473
53439
43914
12123
39501
75747
67810
59689
88377
5467
16051
42176
56024
46320
55840
50644
34152
41409
74218
79106
9573
18384
10649
36980
81129
74907
12447
80707
14624
27348
3971
58214
17294
94676
62776
32334
3011
32964
18731
61806
71426
81455
12853
54940
11086
24528
8839
58521
64908
84882
22830
2995
28630
101211
70838
60031
46079
54043
38290
56610
80933
50075
51845
