1692
2187
3108
2965
11016
11024
8900
33633
22738
29856
33444
39612
11599
28591
15598
16685
12923
14041
19303
5943
41856
3294
36666
3347
1562
47290
10483
36165
45277
38022
46122
10074
32665
8052
1049
48537
51899
25573
38909
23851
42540
10256
45918
29783
37362
44893
2887
9517
26066
22230
27612
31616
23325
30431
28084
43246
45460
10702
6417
10248
47650
20063
2006
41279
38371
6672
17555
3358
1657
50003
33959
26727
5081
14981
29172
31064
17665
40088
12628
12364
33034
32422
6769
712
12974
46014
44525
16609
51630
9171
19523
37593
36778
27752
27331
33372
25698
43271
32109
30058
