1157
1661
2461
2643
8296
8597
7163
23832
16950
21866
24003
29281
9065
11863
22321
13569
10605
15141
10919
4425
2655
33240
28289
2769
1235
8550
37760
28676
35018
29257
35889
8156
5549
24741
821
36788
39749
20052
30158
18431
7610
34042
35755
22605
28929
34205
2503
8692
21758
18606
23019
26461
17730
21823
23185
36163
34085
8294
5251
7885
36978
15183
1222
30562
28964
5389
2612
1229
13316
27654
39758
22450
4548
12052
25745
25374
14275
32725
10022
9588
26041
24392
5236
642
10013
35996
34382
13309
39161
6820
15459
29944
28823
22083
20844
25393
34213
19779
24515
22870
