3479
494
13697
16469
17782
21781
6576
33403
61519
61308
3819
46787
55939
66326
26748
26858
20091
33445
2032
29446
1743
64138
74747
10544
18134
96771
69656
19800
62374
92031
82378
12177
16009
52666
73649
59772
10463
85048
47845
41688
12623
43295
58604
82209
67821
81859
3979
17347
44227
37108
52282
63896
45976
40688
35459
76728
17463
9321
80352
12997
30660
75075
65888
73264
13312
24621
4691
16382
50895
15365
94059
47919
2693
27622
22072
30990
59785
77427
70032
15507
53476
12641
23269
7425
60570
68364
23959
87664
3693
24385
96235
68551
60191
45934
51810
52734
32799
61466
78848
54964
