1008
1943
2378
2775
8430
8890
7256
25537
18236
23476
25614
30644
8868
12119
23440
13695
10725
15766
12401
4972
2808
34774
30220
3003
1465
39012
9421
30439
37468
31813
38428
8288
26399
6192
859
39119
40926
20165
30735
18773
35152
33451
7743
23769
29452
34853
2626
8156
22073
18872
23711
26986
18803
22432
24217
36856
36117
5664
9030
7270
37834
14395
1364
28962
31756
5721
2457
13632
1165
27207
39715
23082
11511
4323
24384
25028
13252
31982
10024
8838
25124
24671
10498
5720
849
35734
34577
13313
40306
7336
16551
30770
29845
22344
21443
26155
20209
34840
24808
23003
