3451
329
12723
15570
20656
23489
4710
29032
35094
13312
1849
626
13401
39442
36696
3403
15831
60445
4453
18620
5481
56596
62007
58128
10913
51855
34272
20233
24801
64376
46476
10120
33116
14954
30955
47379
18033
23433
54752
23716
46093
19445
29366
45027
13261
40994
16159
4559
17624
25733
36247
42447
25156
26437
15706
40800
44566
16889
10176
7871
37925
13277
4937
50855
20007
21693
5259
34700
63401
16597
61164
34752
4045
16206
17143
41494
43214
18922
54641
30090
11761
35000
32552
15074
53053
8707
27060
3413
5966
4741
65817
28384
32009
45707
55320
30218
19264
56916
27172
37926
