720
701
4686
6900
8202
12348
9292
30758
29152
20454
29439
3823
35030
25507
12649
23406
13107
20359
11841
29750
3168
2819
44208
7825
5272
52309
34130
10514
35952
43204
48998
4851
7209
29652
37261
27922
41127
10747
25290
18894
2641
22672
26028
41718
38167
4276
20372
5544
40410
19389
33472
34674
28563
14407
41072
28944
43546
9871
10037
2409
17237
36604
33048
44052
1477
4187
5184
4425
28547
17047
45422
14610
2877
31957
13322
3631
32786
45692
39454
29263
11366
218
30604
10388
11029
37796
46986
12597
4255
14956
36198
52590
36462
25707
23266
26462
18556
27321
38139
26157
