2171
3613
5144
4484
16378
16876
13070
48130
44221
34271
49140
57773
16826
21935
44113
25083
20237
28931
21290
7387
4395
61584
54838
5309
3114
72119
16775
55847
57909
70063
71581
14699
10877
48094
1696
71416
77270
37576
56372
34204
14695
62485
66906
43705
55137
65070
5217
16050
42305
35512
44672
51402
34801
41832
45133
70752
66963
16969
10469
71198
15893
30442
2322
58631
62124
5483
11419
26209
3022
78522
54900
43033
8566
21764
49614
47333
26795
62613
19502
18396
49138
47909
11060
1314
20247
69097
65767
25054
78626
13128
29328
57124
54773
40989
39642
49286
38157
62288
47923
43586
