2342
3255
4902
4065
15407
15402
12468
45897
32518
43055
46376
55969
16504
22995
43603
25452
20767
29424
22319
8787
63434
5094
54664
5158
2933
16066
72353
56123
67806
57314
69346
15480
10407
46718
1638
70306
74642
35516
55217
33330
58296
13260
63137
41984
52590
62866
4868
15412
41433
34777
43582
50245
34640
44998
42660
68737
64943
8781
16535
14346
69010
27926
2358
59618
54848
9871
24823
5441
2592
74218
52731
41828
8436
22982
46738
48198
26606
61930
19656
18142
49581
47779
19168
1478
10467
64813
67896
21920
73505
13630
27634
53897
50243
39739
36893
46529
35163
59748
43322
40942
