573
3907
4109
4907
16729
18750
13420
45136
50328
33329
50790
58481
16678
21898
43175
23477
21314
21854
29374
9736
64392
5005
57341
6049
3056
73614
17879
57704
72745
61387
73337
14779
46983
11512
909
76539
73544
38280
57694
36254
65001
69853
15806
46134
56837
66785
4718
14899
43062
37525
46300
50282
32133
44169
42070
68684
64021
9570
14258
15784
71043
31682
2085
60313
56395
24055
12085
4308
2570
78088
54198
44512
9775
25195
48273
52118
26912
61594
18331
16641
47843
46914
9220
20058
2405
65740
68301
24269
75177
11800
29650
55321
41155
55499
41241
48319
36454
63613
46258
42712
