4134
350
10851
13652
17304
5051
23136
32688
54498
61830
3032
58518
50742
68304
29090
26842
21917
31299
3396
29563
3325
85743
75910
7944
96548
15988
68671
57630
18700
93406
73767
11828
18088
70743
55025
63174
11289
85692
43019
38898
11286
37554
54919
78870
67068
79937
3263
15687
44428
54925
42626
57556
46520
31456
40525
71020
8928
73307
19481
11602
28780
78188
69304
73003
11851
25141
6776
48233
17408
17504
92162
26798
1931
58702
36691
20053
67604
87006
78535
14203
55405
11169
23495
9063
63076
69989
88482
24610
3796
26256
95122
66831
63629
45965
49881
59073
55778
33867
78011
50793
