497
651
4010
5789
16297
19671
14076
42787
51503
49695
34962
56695
18688
24913
47241
24341
19481
20375
28246
7968
3408
56777
64327
4879
4156
16819
74223
56084
59622
71521
69905
16077
11465
49754
5116
77948
74357
41426
58622
34688
13846
41966
71848
66454
52717
67396
3745
14606
40535
35913
45873
50341
43504
36022
47816
72185
71018
9553
18101
14191
79579
33292
1556
59563
63568
10687
5073
2709
27220
54885
80368
43237
8474
22114
24900
49576
49528
63925
20949
18607
50651
49909
19290
8747
2983
70741
66153
24506
79313
14024
27869
54777
56530
43097
39291
49676
36130
63252
46932
46922
