1242
1966
2612
2230
8340
8821
7403
25346
18131
23369
25512
31180
9240
12401
23462
13184
11308
15992
12524
5193
2714
35368
30680
3081
1740
40131
8744
31227
38173
31988
38525
8171
26315
6366
1068
39211
42177
21107
31580
19464
8175
35533
37404
24502
30184
36529
2652
8326
21888
18347
23833
26836
18519
22572
24367
37924
36357
8908
5539
37786
8383
15945
1394
31424
33243
6016
13815
2578
1412
28837
41958
23694
4849
26634
12527
26419
14917
34796
10494
9783
26521
26057
5364
10713
763
36922
35553
13431
41368
7020
15540
29585
28766
22290
21659
26521
20280
25859
33697
23926
