2248
4416
4660
4969
15625
15633
13657
49454
34365
45467
48485
56923
16791
23519
44437
25901
20336
20389
27078
9097
62547
4386
54217
5396
3119
16960
72851
57233
69777
58396
70801
13576
10951
46376
1440
71916
77802
39669
57853
35507
64085
68884
15190
43524
55410
64998
4294
16441
41175
37209
45739
50120
33007
43803
41058
71642
65780
17209
9801
69185
15149
29348
2019
55969
62425
11536
25509
4727
2034
75357
55272
42678
9630
48100
49227
24554
27313
62063
17653
18821
49667
47617
10679
21419
1742
70874
66896
25296
78635
12705
29261
56781
55878
43339
41920
49954
37401
48914
65284
43925
