1281
2373
2959
2607
8720
9012
7578
27562
19646
25170
27555
32615
9454
12502
24721
13787
12203
17262
13167
5431
36717
2707
32115
3380
1701
42709
9248
32617
39763
33104
40393
8373
6451
27640
1114
41288
43721
21537
32365
20005
8328
38403
36634
25447
31551
37070
2671
8473
23272
20192
25061
28581
20048
24119
26420
40246
38304
9375
5547
8261
40388
16820
1388
32443
34880
6105
14518
2732
1513
43280
30676
24072
4889
13297
26991
27916
15047
36120
11224
10362
28495
27432
5724
11171
861
37951
39298
14398
43614
7395
16413
32118
30888
23399
23261
28691
22046
36243
26995
26162
