416
753
3558
6109
10710
14724
12535
24854
29667
33943
33396
22616
11240
17252
14446
29319
10691
15859
12988
3282
2896
35615
44009
2259
7193
47519
34599
11655
39716
45946
43694
12777
29692
8251
42597
5248
45314
25373
36434
23928
8642
42513
24102
32617
40981
41049
6926
12004
25859
21851
29374
28982
22930
22594
31596
45245
41085
3750
11393
46068
8305
32194
20976
1483
38164
5046
7001
2938
20491
48454
34192
28877
3144
15437
14902
32821
34181
38301
12231
11021
30656
4346
9152
29205
2825
42863
39700
15841
49189
17923
10150
33789
34069
28260
22790
28676
19523
38878
31656
27716
